00018
00026
00034
00042
00059
00067
00075
00083
00109
00117
00125
00133
00141
00158
00166
00174
00182
00190
00208
00216
00232
00240
00257
00265
00273
00281
00299
00307
00315
00323
00349
00356
00364
00372
00380
00398
00406
00414
00422
00430
00455
00463
00471
00489
00497
00505
00513
00521
00539
00547
00562
00570
00588
00596
00604
00612
00620
00638
00646
00653
00679
00687
00695
00703
00711
00729
00737
00745
00752
00760
00786
00794
00802
00810
00828
00836
00844
00851
00869
00877
00885
00893
01008
01016
01024
01032
01040
01057
01065
01073
01081
01107
01115
01123
01131
01149
01156
01164
01172
01180
01198
01206
01214
01230
01248
01255
01263
01271
01289
01297
01305
01313
01321
01347
01354
01362
01370
01388
01396
01404
01412
01420
01438
01453
01461
01479
01487
01495
01503
01511
01529
01537
01545
01560
01578
01586
01594
01602
01610
01628
01636
01644
01651
01677
01685
01693
01701
01719
01727
01735
01743
01750
01768
01784
01792
01800
01818
01826
01834
01842
01859
01867
01875
01883
01891
01917
01925
01933
01941
01958
01966
01974
01982
01990
02006
02014
02022
02030
02048
02055
02063
02071
02089
02105
02113
02121
02139
02147
02154
02162
02170
02188
02196
02303
02311
02329
02345
02352
02360
02378
02386
02394
02402
02410
02428
02436
02451
02469
02477
02485
02493
02501
02519
02527
02535
02543
02568
02576
02584
02592
02600
02618
02626
02634
02642
02659
02675
02683
02691
02709
02717
02725
02733
02741
02758
02766
02782
02790
02808
02816
02824
02832
02840
02857
02865
02873
02881
02899
02915
02923
02931
02949
02956
02964
02972
02980
02998
03004
03012
03020
03038
03046
03053
03061
03079
03087
03103
03111
03129
03137
03145
03152
03160
03178
03186
03194
03202
03210
03236
03244
03251
03269
03277
03285
03293
03400
03418
03426
03434
03459
03467
03475
03483
03491
03509
03517
03525
03533
03541
03566
03574
03582
03590
03608
03616
03624
03632
03640
03657
03673
03681
03699
03707
03715
03723
03731
03749
03756
03764
03780
03798
03806
03814
03822
03830
03848
03855
03863
03871
03889
03897
03913
03921
03939
03947
03954
03962
03970
03988
03996
04002
04010
04028
04036
04044
04051
04069
04077
04085
04101
04119
04127
04135
04143
04150
04168
04176
04184
04192
04200
04218
04234
04242
04259
04267
04275
04283
04291
04309
04317
04325
04341
04358
04366
04374
04382
04390
04507
04515
04523
04531
04549
04564
04572
04580
04598
04606
04614
04622
04630
04648
04655
04671
04689
04697
04705
04713
04721
04739
04747
04754
04762
04788
04796
04804
04812
04820
04838
04846
04853
04861
04879
04887
04895
04911
04929
04937
04945
04952
04960
04978
04986
04994
05009
05017
05025
05033
05041
05058
05066
05074
05082
05108
05116
05124
05132
05140
05157
05165
05173
05181
05199
05207
05215
05231
05249
05256
05264
05272
05280
05298
05306
05314
05322
05348
05355
05363
05371
05389
05397
05405
05413
05421
05439
05454
05462
05470
05488
05496
05603
05611
05629
05637
05645
05652
05678
05686
05694
05702
05710
05728
05736
05744
05751
05769
05785
05793
05801
05819
05827
05835
05843
05850
05868
05876
05884
05892
05918
05926
05934
05942
05959
05967
05975
05983
05991
06007
06015
06023
06031
06049
06056
06064
06072
06080
06106
06114
06122
06130
06148
06155
06163
06171
06189
06197
06205
06213
06239
06247
06254
06262
06270
06288
06296
06304
06312
06320
06346
06353
06361
06379
06387
06395
06403
06411
06429
06437
06452
06460
06478
06486
06494
06502
06510
06528
06536
06544
06569
06577
06585
06593
06700
06718
06726
06734
06742
06759
06767
06783
06791
06809
06817
06825
06833
06841
06858
06866
06874
06882
06890
06916
06924
06932
06940
06957
06965
06973
06981
06999
07005
07013
07021
07039
07047
07054
07062
07070
07088
07104
07112
07120
07138
07146
07153
07161
07179
07187
07195
07203
07211
07237
07245
07252
07260
07278
07286
07294
07302
07310
07328
07344
07351
07369
07377
07385
07393
07401
07419
07427
07435
07450
07468
07476
07484
07492
07500
07518
07526
07534
07542
07567
07575
07583
07591
07609
07617
07625
07633
07641
07658
07674
07682
07690
07807
07815
07823
07831
07849
07856
07864
07872
07880
07898
07914
07922
07930
07948
07955
07963
07971
07989
07997
08003
08011
08029
08037
08045
08052
08060
08078
08086
08102
08110
08128
08136
08144
08151
08169
08177
08185
08193
08201
08219
08235
08243
08250
08268
08276
08284
08292
08300
08318
08326
08342
08359
08367
08375
08383
08391
08409
08417
08425
08433
08458
08466
08474
08482
08490
08508
08516
08524
08532
08540
08565
08573
08581
08599
08607
08615
08623
08631
08649
08656
08672
08680
08698
08706
08714
08722
08730
08748
08755
08763
08789
08797
08805
08813
08821
08839
08847
08854
08862
08870
08888
08896
08912
08920
08938
08946
08953
08961
08979
08987
08995
10009
10017
10025
10033
10041
10058
10066
10074
10082
10108
10116
10124
10132
10140
10157
10165
10173
10181
10199
10207
10215
10231
10249
10256
10264
10272
10280
10298
10306
10314
10322
10348
10355
10363
10371
10389
10397
10405
10413
10421
10439
10454
10462
10470
10488
10496
10504
10512
10520
10538
10546
10561
10579
10587
10595
10603
10611
10629
10637
10645
10652
10678
10686
10694
10702
10710
10728
10736
10744
10751
10769
10785
10793
10801
10819
10827
10835
10843
10850
10868
10876
10884
10892
11007
11015
11023
11031
11049
11056
11064
11072
11080
11106
11114
11122
11130
11148
11155
11163
11171
11189
11197
11205
11213
11239
11247
11254
11262
11270
11288
11296
11304
11312
11320
11346
11353
11361
11379
11387
11395
11403
11411
11429
11437
11452
11460
11478
11486
11494
11502
11510
11528
11536
11544
11569
11577
11585
11593
11601
11619
11627
11635
11643
11650
11676
11684
11692
11700
11718
11726
11734
11742
11759
11767
11783
11791
11809
11817
11825
11833
11841
11858
11866
11874
11882
11890
11916
11924
11932
11940
11957
11965
11973
11981
11999
12005
12013
12021
12039
12047
12054
12062
12070
12088
12104
12112
12120
12138
12146
12153
12161
12179
12187
12195
12302
12310
12328
12344
12351
12369
12377
12385
12393
12401
12419
12427
12435
12450
12468
12476
12484
12492
12500
12518
12526
12534
12542
12567
12575
12583
12591
12609
12617
12625
12633
12641
12658
12674
12682
12690
12708
12716
12724
12732
12740
12757
12765
12781
12799
12807
12815
12823
12831
12849
12856
12864
12872
12880
12898
12914
12922
12930
12948
12955
12963
12971
12989
12997
13003
13011
13029
13037
13045
13052
13060
13078
13086
13102
13110
13128
13136
13144
13151
13169
13177
13185
13193
13201
13219
13235
13243
13250
13268
13276
13284
13292
13409
13417
13425
13433
13458
13466
13474
13482
13490
13508
13516
13524
13532
13540
13565
13573
13581
13599
13607
13615
13623
13631
13649
13656
13672
13680
13698
13706
13714
13722
13730
13748
13755
13763
13789
13797
13805
13813
13821
13839
13847
13854
13862
13870
13888
13896
13912
13920
13938
13946
13953
13961
13979
13987
13995
14001
14019
14027
14035
14043
14050
14068
14076
14084
14100
14118
14126
14134
14142
14159
14167
14175
14183
14191
14209
14217
14233
14241
14258
14266
14274
14282
14290
14308
14316
14324
14340
14357
14365
14373
14381
14399
14506
14514
14522
14530
14548
14563
14571
14589
14597
14605
14613
14621
14639
14647
14654
14670
14688
14696
14704
14712
14720
14738
14746
14753
14761
14787
14795
14803
14811
14829
14837
14845
14852
14860
14878
14886
14894
14910
14928
14936
14944
14951
14969
14977
14985
14993
15008
15016
15024
15032
15040
15057
15065
15073
15081
15107
15115
15123
15131
15149
15156
15164
15172
15180
15198
15206
15214
15230
15248
15255
15263
15271
15289
15297
15305
15313
15321
15347
15354
15362
15370
15388
15396
15404
15412
15420
15438
15453
15461
15479
15487
15495
15602
15610
15628
15636
15644
15651
15677
15685
15693
15701
15719
15727
15735
15743
15750
15768
15784
15792
15800
15818
15826
15834
15842
15859
15867
15875
15883
15891
15917
15925
15933
15941
15958
15966
15974
15982
15990
16006
16014
16022
16030
16048
16055
16063
16071
16089
16105
16113
16121
16139
16147
16154
16162
16170
16188
16196
16204
16212
16238
16246
16253
16261
16279
16287
16295
16303
16311
16329
16345
16352
16360
16378
16386
16394
16402
16410
16428
16436
16451
16469
16477
16485
16493
16501
16519
16527
16535
16543
16568
16576
16584
16592
16709
16717
16725
16733
16741
16758
16766
16782
16790
16808
16816
16824
16832
16840
16857
16865
16873
16881
16899
16915
16923
16931
16949
16956
16964
16972
16980
16998
17004
17012
17020
17038
17046
17053
17061
17079
17087
17103
17111
17129
17137
17145
17152
17160
17178
17186
17194
17202
17210
17236
17244
17251
17269
17277
17285
17293
17301
17319
17327
17343
17350
17368
17376
17384
17392
17400
17418
17426
17434
17459
17467
17475
17483
17491
17509
17517
17525
17533
17541
17566
17574
17582
17590
17608
17616
17624
17632
17640
17657
17673
17681
17699
17806
17814
17822
17830
17848
17855
17863
17871
17889
17897
17913
17921
17939
17947
17954
17962
17970
17988
17996
18002
18010
18028
18036
18044
18051
18069
18077
18085
18101
18119
18127
18135
18143
18150
18168
18176
18184
18192
18200
18218
18234
18242
18259
18267
18275
18283
18291
18309
18317
18325
18341
18358
18366
18374
18382
18390
18408
18416
18424
18432
18457
18465
18473
18481
18499
18507
18515
18523
18531
18549
18564
18572
18580
18598
18606
18614
18622
18630
18648
18655
18671
18689
18697
18705
18713
18721
18739
18747
18754
18762
18788
18796
18804
18812
18820
18838
18846
18853
18861
18879
18887
18895
18911
18929
18937
18945
18952
18960
18978
18986
18994
19109
19117
19125
19133
19141
19158
19166
19174
19182
19190
19208
19216
19232
19240
19257
19265
19273
19281
19299
19307
19315
19323
19349
19356
19364
19372
19380
19398
19406
19414
19422
19430
19455
19463
19471
19489
19497
19505
19513
19521
19539
19547
19562
19570
19588
19596
19604
19612
19620
19638
19646
19653
19679
19687
19695
19703
19711
19729
19737
19745
19752
19760
19786
19794
19802
19810
19828
19836
19844
19851
19869
19877
19885
19893
19919
19927
19935
19943
19950
19968
19976
19984
19992
20008
20016
20024
20032
20040
20057
20065
20073
20081
20107
20115
20123
20131
20149
20156
20164
20172
20180
20198
20206
20214
20230
20248
20255
20263
20271
20289
20297
20305
20313
20321
20347
20354
20362
20370
20388
20396
20404
20412
20420
20438
20453
20461
20479
20487
20495
20503
20511
20529
20537
20545
20560
20578
20586
20594
20602
20610
20628
20636
20644
20651
20677
20685
20693
20701
20719
20727
20735
20743
20750
20768
20784
20792
20800
20818
20826
20834
20842
20859
20867
20875
20883
20891
21006
21014
21022
21030
21048
21055
21063
21071
21089
21105
21113
21121
21139
21147
21154
21162
21170
21188
21196
21204
21212
21238
21246
21253
21261
21279
21287
21295
21303
21311
21329
21345
21352
21360
21378
21386
21394
21402
21410
21428
21436
21451
21469
21477
21485
21493
21501
21519
21527
21535
21543
21568
21576
21584
21592
21600
21618
21626
21634
21642
21659
21675
21683
21691
21709
21717
21725
21733
21741
21758
21766
21782
21790
21808
21816
21824
21832
21840
21857
21865
21873
21881
21899
21915
21923
21931
21949
21956
21964
21972
21980
21998
23002
23010
23028
23036
23044
23051
23069
23077
23085
23101
23119
23127
23135
23143
23150
23168
23176
23184
23192
23200
23218
23234
23242
23259
23267
23275
23283
23291
23408
23416
23424
23432
23457
23465
23473
23481
23499
23507
23515
23523
23531
23549
23564
23572
23580
23598
23606
23614
23622
23630
23648
23655
23671
23689
23697
23705
23713
23721
23739
23747
23754
23762
23788
23796
23804
23812
23820
23838
23846
23853
23861
23879
23887
23895
23911
23929
23937
23945
23952
23960
23978
23986
23994
24000
24018
24026
24034
24042
24059
24067
24075
24083
24109
24117
24125
24133
24141
24158
24166
24174
24182
24190
24208
24216
24232
24240
24257
24265
24273
24281
24299
24307
24315
24323
24349
24356
24364
24372
24380
24398
24505
24513
24521
24539
24547
24562
24570
24588
24596
24604
24612
24620
24638
24646
24653
24679
24687
24695
24703
24711
24729
24737
24745
24752
24760
24786
24794
24802
24810
24828
24836
24844
24851
24869
24877
24885
24893
24919
24927
24935
24943
24950
24968
24976
24984
24992
25007
25015
25023
25031
25049
25056
25064
25072
25080
25106
25114
25122
25130
25148
25155
25163
25171
25189
25197
25205
25213
25239
25247
25254
25262
25270
25288
25296
25304
25312
25320
25346
25353
25361
25379
25387
25395
25403
25411
25429
25437
25452
25460
25478
25486
25494
25601
25619
25627
25635
25643
25650
25676
25684
25692
25700
25718
25726
25734
25742
25759
25767
25783
25791
25809
25817
25825
25833
25841
25858
25866
25874
25882
25890
25916
25924
25932
25940
25957
25965
25973
25981
25999
26005
26013
26021
26039
26047
26054
26062
26070
26088
26104
26112
26120
26138
26146
26153
26161
26179
26187
26195
26203
26211
26237
26245
26252
26260
26278
26286
26294
26302
26310
26328
26344
26351
26369
26377
26385
26393
26401
26419
26427
26435
26450
26468
26476
26484
26492
26500
26518
26526
26534
26542
26567
26575
26583
26591
26708
26716
26724
26732
26740
26757
26765
26781
26799
26807
26815
26823
26831
26849
26856
26864
26872
26880
26898
26914
26922
26930
26948
26955
26963
26971
26989
26997
27003
27011
27029
27037
27045
27052
27060
27078
27086
27102
27110
27128
27136
27144
27151
27169
27177
27185
27193
27201
27219
27235
27243
27250
27268
27276
27284
27292
27300
27318
27326
27342
27359
27367
27375
27383
27391
27409
27417
27425
27433
27458
27466
27474
27482
27490
27508
27516
27524
27532
27540
27565
27573
27581
27599
27607
27615
27623
27631
27649
27656
27672
27680
27698
27805
27813
27821
27839
27847
27854
27862
27870
27888
27896
27912
27920
27938
27946
27953
27961
27979
27987
27995
28001
28019
28027
28035
28043
28050
28068
28076
28084
28100
28118
28126
28134
28142
28159
28167
28175
28183
28191
28209
28217
28233
28241
28258
28266
28274
28282
28290
28308
28316
28324
28340
28357
28365
28373
28381
28399
28407
28415
28423
28431
28456
28464
28472
28480
28498
28506
28514
28522
28530
28548
28563
28571
28589
28597
28605
28613
28621
28639
28647
28654
28670
28688
28696
28704
28712
28720
28738
28746
28753
28761
28787
28795
28803
28811
28829
28837
28845
28852
28860
28878
28886
28894
28910
28928
28936
28944
28951
28969
28977
28985
28993
29108
29116
29124
29132
29140
29157
29165
29173
29181
29199
29207
29215
29231
29249
29256
29264
29272
29280
29298
29306
29314
29322
29348
29355
29363
29371
29389
29397
29405
29413
29421
29439
29454
29462
29470
29488
29496
29504
29512
29520
29538
29546
29561
29579
29587
29595
29603
29611
29629
29637
29645
29652
29678
29686
29694
29702
29710
29728
29736
29744
29751
29769
29785
29793
29801
29819
29827
29835
29843
29850
29868
29876
29884
29892
29918
29926
29934
29942
29959
29967
29975
29983
29991
30007
30015
30023
30031
30049
30056
30064
30072
30080
30106
30114
30122
30130
30148
30155
30163
30171
30189
30197
30205
30213
30239
30247
30254
30262
30270
30288
30296
30304
30312
30320
30346
30353
30361
30379
30387
30395
30403
30411
30429
30437
30452
30460
30478
30486
30494
30502
30510
30528
30536
30544
30569
30577
30585
30593
30601
30619
30627
30635
30643
30650
30676
30684
30692
30700
30718
30726
30734
30742
30759
30767
30783
30791
30809
30817
30825
30833
30841
30858
30866
30874
30882
30890
31005
31013
31021
31039
31047
31054
31062
31070
31088
31104
31112
31120
31138
31146
31153
31161
31179
31187
31195
31203
31211
31237
31245
31252
31260
31278
31286
31294
31302
31310
31328
31344
31351
31369
31377
31385
31393
31401
31419
31427
31435
31450
31468
31476
31484
31492
31500
31518
31526
31534
31542
31567
31575
31583
31591
31609
31617
31625
31633
31641
31658
31674
31682
31690
31708
31716
31724
31732
31740
31757
31765
31781
31799
31807
31815
31823
31831
31849
31856
31864
31872
31880
31898
31914
31922
31930
31948
31955
31963
31971
31989
31997
32003
32011
32029
32037
32045
32052
32060
32078
32086
32102
32110
32128
32136
32144
32151
32169
32177
32185
32193
32300
32318
32326
32342
32359
32367
32375
32383
32391
32409
32417
32425
32433
32458
32466
32474
32482
32490
32508
32516
32524
32532
32540
32565
32573
32581
32599
32607
32615
32623
32631
32649
32656
32672
32680
32698
32706
32714
32722
32730
32748
32755
32763
32789
32797
32805
32813
32821
32839
32847
32854
32862
32870
32888
32896
32912
32920
32938
32946
32953
32961
32979
32987
32995
34009
34017
34025
34033
34041
34058
34066
34074
34082
34108
34116
34124
34132
34140
34157
34165
34173
34181
34199
34207
34215
34231
34249
34256
34264
34272
34280
34298
34306
34314
34322
34348
34355
34363
34371
34389
34397
34504
34512
34520
34538
34546
34561
34579
34587
34595
34603
34611
34629
34637
34645
34652
34678
34686
34694
34702
34710
34728
34736
34744
34751
34769
34785
34793
34801
34819
34827
34835
34843
34850
34868
34876
34884
34892
34918
34926
34934
34942
34959
34967
34975
34983
34991
35006
35014
35022
35030
35048
35055
35063
35071
35089
35105
35113
35121
35139
35147
35154
35162
35170
35188
35196
35204
35212
35238
35246
35253
35261
35279
35287
35295
35303
35311
35329
35345
35352
35360
35378
35386
35394
35402
35410
35428
35436
35451
35469
35477
35485
35493
35600
35618
35626
35634
35642
35659
35675
35683
35691
35709
35717
35725
35733
35741
35758
35766
35782
35790
35808
35816
35824
35832
35840
35857
35865
35873
35881
35899
35915
35923
35931
35949
35956
35964
35972
35980
35998
36004
36012
36020
36038
36046
36053
36061
36079
36087
36103
36111
36129
36137
36145
36152
36160
36178
36186
36194
36202
36210
36236
36244
36251
36269
36277
36285
36293
36301
36319
36327
36343
36350
36368
36376
36384
36392
36400
36418
36426
36434
36459
36467
36475
36483
36491
36509
36517
36525
36533
36541
36566
36574
36582
36590
36707
36715
36723
36731
36749
36756
36764
36780
36798
36806
36814
36822
36830
36848
36855
36863
36871
36889
36897
36913
36921
36939
36947
36954
36962
36970
36988
36996
37002
37010
37028
37036
37044
37051
37069
37077
37085
37101
37119
37127
37135
37143
37150
37168
37176
37184
37192
37200
37218
37234
37242
37259
37267
37275
37283
37291
37309
37317
37325
37341
37358
37366
37374
37382
37390
37408
37416
37424
37432
37457
37465
37473
37481
37499
37507
37515
37523
37531
37549
37564
37572
37580
37598
37606
37614
37622
37630
37648
37655
37671
37689
37697
37804
37812
37820
37838
37846
37853
37861
37879
37887
37895
37911
37929
37937
37945
37952
37960
37978
37986
37994
38000
38018
38026
38034
38042
38059
38067
38075
38083
38109
38117
38125
38133
38141
38158
38166
38174
38182
38190
38208
38216
38232
38240
38257
38265
38273
38281
38299
38307
38315
38323
38349
38356
38364
38372
38380
38398
38406
38414
38422
38430
38455
38463
38471
38489
38497
38505
38513
38521
38539
38547
38562
38570
38588
38596
38604
38612
38620
38638
38646
38653
38679
38687
38695
38703
38711
38729
38737
38745
38752
38760
38786
38794
38802
38810
38828
38836
38844
38851
38869
38877
38885
38893
38919
38927
38935
38943
38950
38968
38976
38984
38992
39107
39115
39123
39131
39149
39156
39164
39172
39180
39198
39206
39214
39230
39248
39255
39263
39271
39289
39297
39305
39313
39321
39347
39354
39362
39370
39388
39396
39404
39412
39420
39438
39453
39461
39479
39487
39495
39503
39511
39529
39537
39545
39560
39578
39586
39594
39602
39610
39628
39636
39644
39651
39677
39685
39693
39701
39719
39727
39735
39743
39750
39768
39784
39792
39800
39818
39826
39834
39842
39859
39867
39875
39883
39891
39917
39925
39933
39941
39958
39966
39974
39982
39990
40006
40014
40022
40030
40048
40055
40063
40071
40089
40105
40113
40121
40139
40147
40154
40162
40170
40188
40196
40204
40212
40238
40246
40253
40261
40279
40287
40295
40303
40311
40329
40345
40352
40360
40378
40386
40394
40402
40410
40428
40436
40451
40469
40477
40485
40493
40501
40519
40527
40535
40543
40568
40576
40584
40592
40600
40618
40626
40634
40642
40659
40675
40683
40691
40709
40717
40725
40733
40741
40758
40766
40782
40790
40808
40816
40824
40832
40840
40857
40865
40873
40881
40899
41004
41012
41020
41038
41046
41053
41061
41079
41087
41103
41111
41129
41137
41145
41152
41160
41178
41186
41194
41202
41210
41236
41244
41251
41269
41277
41285
41293
41301
41319
41327
41343
41350
41368
41376
41384
41392
41400
41418
41426
41434
41459
41467
41475
41483
41491
41509
41517
41525
41533
41541
41566
41574
41582
41590
41608
41616
41624
41632
41640
41657
41673
41681
41699
41707
41715
41723
41731
41749
41756
41764
41780
41798
41806
41814
41822
41830
41848
41855
41863
41871
41889
41897
41913
41921
41939
41947
41954
41962
41970
41988
41996
42002
42010
42028
42036
42044
42051
42069
42077
42085
42101
42119
42127
42135
42143
42150
42168
42176
42184
42192
42309
42317
42325
42341
42358
42366
42374
42382
42390
42408
42416
42424
42432
42457
42465
42473
42481
42499
42507
42515
42523
42531
42549
42564
42572
42580
42598
42606
42614
42622
42630
42648
42655
42671
42689
42697
42705
42713
42721
42739
42747
42754
42762
42788
42796
42804
42812
42820
42838
42846
42853
42861
42879
42887
42895
42911
42929
42937
42945
42952
42960
42978
42986
42994
43000
43018
43026
43034
43042
43059
43067
43075
43083
43109
43117
43125
43133
43141
43158
43166
43174
43182
43190
43208
43216
43232
43240
43257
43265
43273
43281
43299
43406
43414
43422
43430
43455
43463
43471
43489
43497
43505
43513
43521
43539
43547
43562
43570
43588
43596
43604
43612
43620
43638
43646
43653
43679
43687
43695
43703
43711
43729
43737
43745
43752
43760
43786
43794
43802
43810
43828
43836
43844
43851
43869
43877
43885
43893
43919
43927
43935
43943
43950
43968
43976
43984
43992
45005
45013
45021
45039
45047
45054
45062
45070
45088
45104
45112
45120
45138
45146
45153
45161
45179
45187
45195
45203
45211
45237
45245
45252
45260
45278
45286
45294
45302
45310
45328
45344
45351
45369
45377
45385
45393
45401
45419
45427
45435
45450
45468
45476
45484
45492
45609
45617
45625
45633
45641
45658
45674
45682
45690
45708
45716
45724
45732
45740
45757
45765
45781
45799
45807
45815
45823
45831
45849
45856
45864
45872
45880
45898
45914
45922
45930
45948
45955
45963
45971
45989
45997
46003
46011
46029
46037
46045
46052
46060
46078
46086
46102
46110
46128
46136
46144
46151
46169
46177
46185
46193
46201
46219
46235
46243
46250
46268
46276
46284
46292
46300
46318
46326
46342
46359
46367
46375
46383
46391
46409
46417
46425
46433
46458
46466
46474
46482
46490
46508
46516
46524
46532
46540
46565
46573
46581
46599
46706
46714
46722
46730
46748
46755
46763
46789
46797
46805
46813
46821
46839
46847
46854
46862
46870
46888
46896
46912
46920
46938
46946
46953
46961
46979
46987
46995
47001
47019
47027
47035
47043
47050
47068
47076
47084
47100
47118
47126
47134
47142
47159
47167
47175
47183
47191
47209
47217
47233
47241
47258
47266
47274
47282
47290
47308
47316
47324
47340
47357
47365
47373
47381
47399
47407
47415
47423
47431
47456
47464
47472
47480
47498
47506
47514
47522
47530
47548
47563
47571
47589
47597
47605
47613
47621
47639
47647
47654
47670
47688
47696
47803
47811
47829
47837
47845
47852
47860
47878
47886
47894
47910
47928
47936
47944
47951
47969
47977
47985
47993
48009
48017
48025
48033
48041
48058
48066
48074
48082
48108
48116
48124
48132
48140
48157
48165
48173
48181
48199
48207
48215
48231
48249
48256
48264
48272
48280
48298
48306
48314
48322
48348
48355
48363
48371
48389
48397
48405
48413
48421
48439
48454
48462
48470
48488
48496
48504
48512
48520
48538
48546
48561
48579
48587
48595
48603
48611
48629
48637
48645
48652
48678
48686
48694
48702
48710
48728
48736
48744
48751
48769
48785
48793
48801
48819
48827
48835
48843
48850
48868
48876
48884
48892
48918
48926
48934
48942
48959
48967
48975
48983
48991
49106
49114
49122
49130
49148
49155
49163
49171
49189
49197
49205
49213
49239
49247
49254
49262
49270
49288
49296
49304
49312
49320
49346
49353
49361
49379
49387
49395
49403
49411
49429
49437
49452
49460
49478
49486
49494
49502
49510
49528
49536
49544
49569
49577
49585
49593
49601
49619
49627
49635
49643
49650
49676
49684
49692
49700
49718
49726
49734
49742
49759
49767
49783
49791
49809
49817
49825
49833
49841
49858
49866
49874
49882
49890
49916
49924
49932
49940
49957
49965
49973
49981
49999
50005
50013
50021
50039
50047
50054
50062
50070
50088
50104
50112
50120
50138
50146
50153
50161
50179
50187
50195
50203
50211
50237
50245
50252
50260
50278
50286
50294
50302
50310
50328
50344
50351
50369
50377
50385
50393
50401
50419
50427
50435
50450
50468
50476
50484
50492
50500
50518
50526
50534
50542
50567
50575
50583
50591
50609
50617
50625
50633
50641
50658
50674
50682
50690
50708
50716
50724
50732
50740
50757
50765
50781
50799
50807
50815
50823
50831
50849
50856
50864
50872
50880
50898
51003
51011
51029
51037
51045
51052
51060
51078
51086
51102
51110
51128
51136
51144
51151
51169
51177
51185
51193
51201
51219
51235
51243
51250
51268
51276
51284
51292
51300
51318
51326
51342
51359
51367
51375
51383
51391
51409
51417
51425
51433
51458
51466
51474
51482
51490
51508
51516
51524
51532
51540
51565
51573
51581
51599
51607
51615
51623
51631
51649
51656
51672
51680
51698
51706
51714
51722
51730
51748
51755
51763
51789
51797
51805
51813
51821
51839
51847
51854
51862
51870
51888
51896
51912
51920
51938
51946
51953
51961
51979
51987
51995
52001
52019
52027
52035
52043
52050
52068
52076
52084
52100
52118
52126
52134
52142
52159
52167
52175
52183
52191
52308
52316
52324
52340
52357
52365
52373
52381
52399
52407
52415
52423
52431
52456
52464
52472
52480
52498
52506
52514
52522
52530
52548
52563
52571
52589
52597
52605
52613
52621
52639
52647
52654
52670
52688
52696
52704
52712
52720
52738
52746
52753
52761
52787
52795
52803
52811
52829
52837
52845
52852
52860
52878
52886
52894
52910
52928
52936
52944
52951
52969
52977
52985
52993
53009
53017
53025
53033
53041
53058
53066
53074
53082
53108
53116
53124
53132
53140
53157
53165
53173
53181
53199
53207
53215
53231
53249
53256
53264
53272
53280
53298
53405
53413
53421
53439
53454
53462
53470
53488
53496
53504
53512
53520
53538
53546
53561
53579
53587
53595
53603
53611
53629
53637
53645
53652
53678
53686
53694
53702
53710
53728
53736
53744
53751
53769
53785
53793
53801
53819
53827
53835
53843
53850
53868
53876
53884
53892
53918
53926
53934
53942
53959
53967
53975
53983
53991
54007
54015
54023
54031
54049
54056
54064
54072
54080
54106
54114
54122
54130
54148
54155
54163
54171
54189
54197
54205
54213
54239
54247
54254
54262
54270
54288
54296
54304
54312
54320
54346
54353
54361
54379
54387
54395
54502
54510
54528
54536
54544
54569
54577
54585
54593
54601
54619
54627
54635
54643
54650
54676
54684
54692
54700
54718
54726
54734
54742
54759
54767
54783
54791
54809
54817
54825
54833
54841
54858
54866
54874
54882
54890
54916
54924
54932
54940
54957
54965
54973
54981
54999
56002
56010
56028
56036
56044
56051
56069
56077
56085
56101
56119
56127
56135
56143
56150
56168
56176
56184
56192
56200
56218
56234
56242
56259
56267
56275
56283
56291
56309
56317
56325
56341
56358
56366
56374
56382
56390
56408
56416
56424
56432
56457
56465
56473
56481
56499
56507
56515
56523
56531
56549
56564
56572
56580
56598
56705
56713
56721
56739
56747
56754
56762
56788
56796
56804
56812
56820
56838
56846
56853
56861
56879
56887
56895
56911
56929
56937
56945
56952
56960
56978
56986
56994
57000
57018
57026
57034
57042
57059
57067
57075
57083
57109
57117
57125
57133
57141
57158
57166
57174
57182
57190
57208
57216
57232
57240
57257
57265
57273
57281
57299
57307
57315
57323
57349
57356
57364
57372
57380
57398
57406
57414
57422
57430
57455
57463
57471
57489
57497
57505
57513
57521
57539
57547
57562
57570
57588
57596
57604
57612
57620
57638
57646
57653
57679
57687
57695
57802
57810
57828
57836
57844
57851
57869
57877
57885
57893
57919
57927
57935
57943
57950
57968
57976
57984
57992
58008
58016
58024
58032
58040
58057
58065
58073
58081
58107
58115
58123
58131
58149
58156
58164
58172
58180
58198
58206
58214
58230
58248
58255
58263
58271
58289
58297
58305
58313
58321
58347
58354
58362
58370
58388
58396
58404
58412
58420
58438
58453
58461
58479
58487
58495
58503
58511
58529
58537
58545
58560
58578
58586
58594
58602
58610
58628
58636
58644
58651
58677
58685
58693
58701
58719
58727
58735
58743
58750
58768
58784
58792
58800
58818
58826
58834
58842
58859
58867
58875
58883
58891
58917
58925
58933
58941
58958
58966
58974
58982
58990
59105
59113
59121
59139
59147
59154
59162
59170
59188
59196
59204
59212
59238
59246
59253
59261
59279
59287
59295
59303
59311
59329
59345
59352
59360
59378
59386
59394
59402
59410
59428
59436
59451
59469
59477
59485
59493
59501
59519
59527
59535
59543
59568
59576
59584
59592
59600
59618
59626
59634
59642
59659
59675
59683
59691
59709
59717
59725
59733
59741
59758
59766
59782
59790
59808
59816
59824
59832
59840
59857
59865
59873
59881
59899
59915
59923
59931
59949
59956
59964
59972
59980
59998
60004
60012
60020
60038
60046
60053
60061
60079
60087
60103
60111
60129
60137
60145
60152
60160
60178
60186
60194
60202
60210
60236
60244
60251
60269
60277
60285
60293
60301
60319
60327
60343
60350
60368
60376
60384
60392
60400
60418
60426
60434
60459
60467
60475
60483
60491
60509
60517
60525
60533
60541
60566
60574
60582
60590
60608
60616
60624
60632
60640
60657
60673
60681
60699
60707
60715
60723
60731
60749
60756
60764
60780
60798
60806
60814
60822
60830
60848
60855
60863
60871
60889
60897
61002
61010
61028
61036
61044
61051
61069
61077
61085
61101
61119
61127
61135
61143
61150
61168
61176
61184
61192
61200
61218
61234
61242
61259
61267
61275
61283
61291
61309
61317
61325
61341
61358
61366
61374
61382
61390
61408
61416
61424
61432
61457
61465
61473
61481
61499
61507
61515
61523
61531
61549
61564
61572
61580
61598
61606
61614
61622
61630
61648
61655
61671
61689
61697
61705
61713
61721
61739
61747
61754
61762
61788
61796
61804
61812
61820
61838
61846
61853
61861
61879
61887
61895
61911
61929
61937
61945
61952
61960
61978
61986
61994
62000
62018
62026
62034
62042
62059
62067
62075
62083
62109
62117
62125
62133
62141
62158
62166
62174
62182
62190
62307
62315
62323
62349
62356
62364
62372
62380
62398
62406
62414
62422
62430
62455
62463
62471
62489
62497
62505
62513
62521
62539
62547
62562
62570
62588
62596
62604
62612
62620
62638
62646
62653
62679
62687
62695
62703
62711
62729
62737
62745
62752
62760
62786
62794
62802
62810
62828
62836
62844
62851
62869
62877
62885
62893
62919
62927
62935
62943
62950
62968
62976
62984
62992
63008
63016
63024
63032
63040
63057
63065
63073
63081
63107
63115
63123
63131
63149
63156
63164
63172
63180
63198
63206
63214
63230
63248
63255
63263
63271
63289
63297
63404
63412
63420
63438
63453
63461
63479
63487
63495
63503
63511
63529
63537
63545
63560
63578
63586
63594
63602
63610
63628
63636
63644
63651
63677
63685
63693
63701
63719
63727
63735
63743
63750
63768
63784
63792
63800
63818
63826
63834
63842
63859
63867
63875
63883
63891
63917
63925
63933
63941
63958
63966
63974
63982
63990
64006
64014
64022
64030
64048
64055
64063
64071
64089
64105
64113
64121
64139
64147
64154
64162
64170
64188
64196
64204
64212
64238
64246
64253
64261
64279
64287
64295
64303
64311
64329
64345
64352
64360
64378
64386
64394
64501
64519
64527
64535
64543
64568
64576
64584
64592
64600
64618
64626
64634
64642
64659
64675
64683
64691
64709
64717
64725
64733
64741
64758
64766
64782
64790
64808
64816
64824
64832
64840
64857
64865
64873
64881
64899
64915
64923
64931
64949
64956
64964
64972
64980
64998
65003
65011
65029
65037
65045
65052
65060
65078
65086
65102
65110
65128
65136
65144
65151
65169
65177
65185
65193
65201
65219
65235
65243
65250
65268
65276
65284
65292
65300
65318
65326
65342
65359
65367
65375
65383
65391
65409
65417
65425
65433
65458
65466
65474
65482
65490
65607
65615
65623
65631
65649
65656
65672
65680
65698
65706
65714
65722
65730
65748
65755
65763
65789
65797
65805
65813
65821
65839
65847
65854
65862
65870
65888
65896
65912
65920
65938
65946
65953
65961
65979
65987
65995
67009
67017
67025
67033
67041
67058
67066
67074
67082
67108
67116
67124
67132
67140
67157
67165
67173
67181
67199
67207
67215
67231
67249
67256
67264
67272
67280
67298
67306
67314
67322
67348
67355
67363
67371
67389
67397
67405
67413
67421
67439
67454
67462
67470
67488
67496
67504
67512
67520
67538
67546
67561
67579
67587
67595
67603
67611
67629
67637
67645
67652
67678
67686
67694
67801
67819
67827
67835
67843
67850
67868
67876
67884
67892
67918
67926
67934
67942
67959
67967
67975
67983
67991
68007
68015
68023
68031
68049
68056
68064
68072
68080
68106
68114
68122
68130
68148
68155
68163
68171
68189
68197
68205
68213
68239
68247
68254
68262
68270
68288
68296
68304
68312
68320
68346
68353
68361
68379
68387
68395
68403
68411
68429
68437
68452
68460
68478
68486
68494
68502
68510
68528
68536
68544
68569
68577
68585
68593
68601
68619
68627
68635
68643
68650
68676
68684
68692
68700
68718
68726
68734
68742
68759
68767
68783
68791
68809
68817
68825
68833
68841
68858
68866
68874
68882
68890
68916
68924
68932
68940
68957
68965
68973
68981
68999
69104
69112
69120
69138
69146
69153
69161
69179
69187
69195
69203
69211
69237
69245
69252
69260
69278
69286
69294
69302
69310
69328
69344
69351
69369
69377
69385
69393
69401
69419
69427
69435
69450
69468
69476
69484
69492
69500
69518
69526
69534
69542
69567
69575
69583
69591
69609
69617
69625
69633
69641
69658
69674
69682
69690
69708
69716
69724
69732
69740
69757
69765
69781
69799
69807
69815
69823
69831
69849
69856
69864
69872
69880
69898
69914
69922
69930
69948
69955
69963
69971
69989
69997
70003
70011
70029
70037
70045
70052
70060
70078
70086
70102
70110
70128
70136
70144
70151
70169
70177
70185
70193
70201
70219
70235
70243
70250
70268
70276
70284
70292
70300
70318
70326
70342
70359
70367
70375
70383
70391
70409
70417
70425
70433
70458
70466
70474
70482
70490
70508
70516
70524
70532
70540
70565
70573
70581
70599
70607
70615
70623
70631
70649
70656
70672
70680
70698
70706
70714
70722
70730
70748
70755
70763
70789
70797
70805
70813
70821
70839
70847
70854
70862
70870
70888
70896
71001
71019
71027
71035
71043
71050
71068
71076
71084
71100
71118
71126
71134
71142
71159
71167
71175
71183
71191
71209
71217
71233
71241
71258
71266
71274
71282
71290
71308
71316
71324
71340
71357
71365
71373
71381
71399
71407
71415
71423
71431
71456
71464
71472
71480
71498
71506
71514
71522
71530
71548
71563
71571
71589
71597
71605
71613
71621
71639
71647
71654
71670
71688
71696
71704
71712
71720
71738
71746
71753
71761
71787
71795
71803
71811
71829
71837
71845
71852
71860
71878
71886
71894
71910
71928
71936
71944
71951
71969
71977
71985
71993
72009
72017
72025
72033
72041
72058
72066
72074
72082
72108
72116
72124
72132
72140
72157
72165
72173
72181
72199
72306
72314
72322
72348
72355
72363
72371
72389
72397
72405
72413
72421
72439
72454
72462
72470
72488
72496
72504
72512
72520
72538
72546
72561
72579
72587
72595
72603
72611
72629
72637
72645
72652
72678
72686
72694
72702
72710
72728
72736
72744
72751
72769
72785
72793
72801
72819
72827
72835
72843
72850
72868
72876
72884
72892
72918
72926
72934
72942
72959
72967
72975
72983
72991
73007
73015
73023
73031
73049
73056
73064
73072
73080
73106
73114
73122
73130
73148
73155
73163
73171
73189
73197
73205
73213
73239
73247
73254
73262
73270
73288
73296
73403
73411
73429
73437
73452
73460
73478
73486
73494
73502
73510
73528
73536
73544
73569
73577
73585
73593
73601
73619
73627
73635
73643
73650
73676
73684
73692
73700
73718
73726
73734
73742
73759
73767
73783
73791
73809
73817
73825
73833
73841
73858
73866
73874
73882
73890
73916
73924
73932
73940
73957
73965
73973
73981
73999
74005
74013
74021
74039
74047
74054
74062
74070
74088
74104
74112
74120
74138
74146
74153
74161
74179
74187
74195
74203
74211
74237
74245
74252
74260
74278
74286
74294
74302
74310
74328
74344
74351
74369
74377
74385
74393
74500
74518
74526
74534
74542
74567
74575
74583
74591
74609
74617
74625
74633
74641
74658
74674
74682
74690
74708
74716
74724
74732
74740
74757
74765
74781
74799
74807
74815
74823
74831
74849
74856
74864
74872
74880
74898
74914
74922
74930
74948
74955
74963
74971
74989
74997
75002
75010
75028
75036
75044
75051
75069
75077
75085
75101
75119
75127
75135
75143
75150
75168
75176
75184
75192
75200
75218
75234
75242
75259
75267
75275
75283
75291
75309
75317
75325
75341
75358
75366
75374
75382
75390
75408
75416
75424
75432
75457
75465
75473
75481
75499
75606
75614
75622
75630
75648
75655
75671
75689
75697
75705
75713
75721
75739
75747
75754
75762
75788
75796
75804
75812
75820
75838
75846
75853
75861
75879
75887
75895
75911
75929
75937
75945
75952
75960
75978
75986
75994
76000
76018
76026
76034
76042
76059
76067
76075
76083
76109
76117
76125
76133
76141
76158
76166
76174
76182
76190
76208
76216
76232
76240
76257
76265
76273
76281
76299
76307
76315
76323
76349
76356
76364
76372
76380
76398
76406
76414
76422
76430
76455
76463
76471
76489
76497
76505
76513
76521
76539
76547
76562
76570
76588
76596
76703
76711
76729
76737
76745
76752
76760
76786
76794
76802
76810
76828
76836
76844
76851
76869
76877
76885
76893
76919
76927
76935
76943
76950
76968
76976
76984
76992
78006
78014
78022
78030
78048
78055
78063
78071
78089
78105
78113
78121
78139
78147
78154
78162
78170
78188
78196
78204
78212
78238
78246
78253
78261
78279
78287
78295
78303
78311
78329
78345
78352
78360
78378
78386
78394
78402
78410
78428
78436
78451
78469
78477
78485
78493
78501
78519
78527
78535
78543
78568
78576
78584
78592
78600
78618
78626
78634
78642
78659
78675
78683
78691
78709
78717
78725
78733
78741
78758
78766
78782
78790
78808
78816
78824
78832
78840
78857
78865
78873
78881
78899
78915
78923
78931
78949
78956
78964
78972
78980
78998
79103
79111
79129
79137
79145
79152
79160
79178
79186
79194
79202
79210
79236
79244
79251
79269
79277
79285
79293
79301
79319
79327
79343
79350
79368
79376
79384
79392
79400
79418
79426
79434
79459
79467
79475
79483
79491
79509
79517
79525
79533
79541
79566
79574
79582
79590
79608
79616
79624
79632
79640
79657
79673
79681
79699
79707
79715
79723
79731
79749
79756
79764
79780
79798
79806
79814
79822
79830
79848
79855
79863
79871
79889
79897
79913
79921
79939
79947
79954
79962
79970
79988
79996
80002
80010
80028
80036
80044
80051
80069
80077
80085
80101
80119
80127
80135
80143
80150
80168
80176
80184
80192
80200
80218
80234
80242
80259
80267
80275
80283
80291
80309
80317
80325
80341
80358
80366
80374
80382
80390
80408
80416
80424
80432
80457
80465
80473
80481
80499
80507
80515
80523
80531
80549
80564
80572
80580
80598
80606
80614
80622
80630
80648
80655
80671
80689
80697
80705
80713
80721
80739
80747
80754
80762
80788
80796
80804
80812
80820
80838
80846
80853
80861
80879
80887
80895
81000
81018
81026
81034
81042
81059
81067
81075
81083
81109
81117
81125
81133
81141
81158
81166
81174
81182
81190
81208
81216
81232
81240
81257
81265
81273
81281
81299
81307
81315
81323
81349
81356
81364
81372
81380
81398
81406
81414
81422
81430
81455
81463
81471
81489
81497
81505
81513
81521
81539
81547
81562
81570
81588
81596
81604
81612
81620
81638
81646
81653
81679
81687
81695
81703
81711
81729
81737
81745
81752
81760
81786
81794
81802
81810
81828
81836
81844
81851
81869
81877
81885
81893
81919
81927
81935
81943
81950
81968
81976
81984
81992
82008
82016
82024
82032
82040
82057
82065
82073
82081
82107
82115
82123
82131
82149
82156
82164
82172
82180
82198
82305
82313
82321
82347
82354
82362
82370
82388
82396
82404
82412
82420
82438
82453
82461
82479
82487
82495
82503
82511
82529
82537
82545
82560
82578
82586
82594
82602
82610
82628
82636
82644
82651
82677
82685
82693
82701
82719
82727
82735
82743
82750
82768
82784
82792
82800
82818
82826
82834
82842
82859
82867
82875
82883
82891
82917
82925
82933
82941
82958
82966
82974
82982
82990
83006
83014
83022
83030
83048
83055
83063
83071
83089
83105
83113
83121
83139
83147
83154
83162
83170
83188
83196
83204
83212
83238
83246
83253
83261
83279
83287
83295
83402
83410
83428
83436
83451
83469
83477
83485
83493
83501
83519
83527
83535
83543
83568
83576
83584
83592
83600
83618
83626
83634
83642
83659
83675
83683
83691
83709
83717
83725
83733
83741
83758
83766
83782
83790
83808
83816
83824
83832
83840
83857
83865
83873
83881
83899
83915
83923
83931
83949
83956
83964
83972
83980
83998
84004
84012
84020
84038
84046
84053
84061
84079
84087
84103
84111
84129
84137
84145
84152
84160
84178
84186
84194
84202
84210
84236
84244
84251
84269
84277
84285
84293
84301
84319
84327
84343
84350
84368
84376
84384
84392
84509
84517
84525
84533
84541
84566
84574
84582
84590
84608
84616
84624
84632
84640
84657
84673
84681
84699
84707
84715
84723
84731
84749
84756
84764
84780
84798
84806
84814
84822
84830
84848
84855
84863
84871
84889
84897
84913
84921
84939
84947
84954
84962
84970
84988
84996
85001
85019
85027
85035
85043
85050
85068
85076
85084
85100
85118
85126
85134
85142
85159
85167
85175
85183
85191
85209
85217
85233
85241
85258
85266
85274
85282
85290
85308
85316
85324
85340
85357
85365
85373
85381
85399
85407
85415
85423
85431
85456
85464
85472
85480
85498
85605
85613
85621
85639
85647
85654
85670
85688
85696
85704
85712
85720
85738
85746
85753
85761
85787
85795
85803
85811
85829
85837
85845
85852
85860
85878
85886
85894
85910
85928
85936
85944
85951
85969
85977
85985
85993
86009
86017
86025
86033
86041
86058
86066
86074
86082
86108
86116
86124
86132
86140
86157
86165
86173
86181
86199
86207
86215
86231
86249
86256
86264
86272
86280
86298
86306
86314
86322
86348
86355
86363
86371
86389
86397
86405
86413
86421
86439
86454
86462
86470
86488
86496
86504
86512
86520
86538
86546
86561
86579
86587
86595
86702
86710
86728
86736
86744
86751
86769
86785
86793
86801
86819
86827
86835
86843
86850
86868
86876
86884
86892
86918
86926
86934
86942
86959
86967
86975
86983
86991
87007
87015
87023
87031
87049
87056
87064
87072
87080
87106
87114
87122
87130
87148
87155
87163
87171
87189
87197
87205
87213
87239
87247
87254
87262
87270
87288
87296
87304
87312
87320
87346
87353
87361
87379
87387
87395
87403
87411
87429
87437
87452
87460
87478
87486
87494
87502
87510
87528
87536
87544
87569
87577
87585
87593
87601
87619
87627
87635
87643
87650
87676
87684
87692
87809
87817
87825
87833
87841
87858
87866
87874
87882
87890
87916
87924
87932
87940
87957
87965
87973
87981
87999
88005
88013
88021
88039
88047
88054
88062
88070
88088
88104
88112
88120
88138
88146
88153
88161
88179
88187
88195
88203
88211
88237
88245
88252
88260
88278
88286
88294
88302
88310
88328
88344
88351
88369
88377
88385
88393
88401
88419
88427
88435
88450
88468
88476
88484
88492
88500
88518
88526
88534
88542
88567
88575
88583
88591
88609
88617
88625
88633
88641
88658
88674
88682
88690
88708
88716
88724
88732
88740
88757
88765
88781
88799
88807
88815
88823
88831
88849
88856
88864
88872
88880
88898
88914
88922
88930
88948
88955
88963
88971
88989
88997
89102
89110
89128
89136
89144
89151
89169
89177
89185
89193
89201
89219
89235
89243
89250
89268
89276
89284
89292
89300
89318
89326
89342
89359
89367
89375
89383
89391
89409
89417
89425
89433
89458
89466
89474
89482
89490
89508
89516
89524
89532
89540
89565
89573
89581
89599
89607
89615
89623
89631
89649
89656
89672
89680
89698
89706
89714
89722
89730
89748
89755
89763
89789
89797
89805
89813
89821
89839
89847
89854
89862
89870
89888
89896
89912
89920
89938
89946
89953
89961
89979
89987
89995
91009
91017
91025
91033
91041
91058
91066
91074
91082
91108
91116
91124
91132
91140
91157
91165
91173
91181
91199
91207
91215
91231
91249
91256
91264
91272
91280
91298
91306
91314
91322
91348
91355
91363
91371
91389
91397
91405
91413
91421
91439
91454
91462
91470
91488
91496
91504
91512
91520
91538
91546
91561
91579
91587
91595
91603
91611
91629
91637
91645
91652
91678
91686
91694
91702
91710
91728
91736
91744
91751
91769
91785
91793
91801
91819
91827
91835
91843
91850
91868
91876
91884
91892
91918
91926
91934
91942
91959
91967
91975
91983
91991
92007
92015
92023
92031
92049
92056
92064
92072
92080
92106
92114
92122
92130
92148
92155
92163
92171
92189
92197
92304
92312
92320
92346
92353
92361
92379
92387
92395
92403
92411
92429
92437
92452
92460
92478
92486
92494
92502
92510
92528
92536
92544
92569
92577
92585
92593
92601
92619
92627
92635
92643
92650
92676
92684
92692
92700
92718
92726
92734
92742
92759
92767
92783
92791
92809
92817
92825
92833
92841
92858
92866
92874
92882
92890
92916
92924
92932
92940
92957
92965
92973
92981
92999
93005
93013
93021
93039
93047
93054
93062
93070
93088
93104
93112
93120
93138
93146
93153
93161
93179
93187
93195
93203
93211
93237
93245
93252
93260
93278
93286
93294
93401
93419
93427
93435
93450
93468
93476
93484
93492
93500
93518
93526
93534
93542
93567
93575
93583
93591
93609
93617
93625
93633
93641
93658
93674
93682
93690
93708
93716
93724
93732
93740
93757
93765
93781
93799
93807
93815
93823
93831
93849
93856
93864
93872
93880
93898
93914
93922
93930
93948
93955
93963
93971
93989
93997
94003
94011
94029
94037
94045
94052
94060
94078
94086
94102
94110
94128
94136
94144
94151
94169
94177
94185
94193
94201
94219
94235
94243
94250
94268
94276
94284
94292
94300
94318
94326
94342
94359
94367
94375
94383
94391
94508
94516
94524
94532
94540
94565
94573
94581
94599
94607
94615
94623
94631
94649
94656
94672
94680
94698
94706
94714
94722
94730
94748
94755
94763
94789
94797
94805
94813
94821
94839
94847
94854
94862
94870
94888
94896
94912
94920
94938
94946
94953
94961
94979
94987
94995
95000
95018
95026
95034
95042
95059
95067
95075
95083
95109
95117
95125
95133
95141
95158
95166
95174
95182
95190
95208
95216
95232
95240
95257
95265
95273
95281
95299
95307
95315
95323
95349
95356
95364
95372
95380
95398
95406
95414
95422
95430
95455
95463
95471
95489
95497
95604
95612
95620
95638
95646
95653
95679
95687
95695
95703
95711
95729
95737
95745
95752
95760
95786
95794
95802
95810
95828
95836
95844
95851
95869
95877
95885
95893
95919
95927
95935
95943
95950
95968
95976
95984
95992
96008
96016
96024
96032
96040
96057
96065
96073
96081
96107
96115
96123
96131
96149
96156
96164
96172
96180
96198
96206
96214
96230
96248
96255
96263
96271
96289
96297
96305
96313
96321
96347
96354
96362
96370
96388
96396
96404
96412
96420
96438
96453
96461
96479
96487
96495
96503
96511
96529
96537
96545
96560
96578
96586
96594
96701
96719
96727
96735
96743
96750
96768
96784
96792
96800
96818
96826
96834
96842
96859
96867
96875
96883
96891
96917
96925
96933
96941
96958
96966
96974
96982
96990
97006
97014
97022
97030
97048
97055
97063
97071
97089
97105
97113
97121
97139
97147
97154
97162
97170
97188
97196
97204
97212
97238
97246
97253
97261
97279
97287
97295
97303
97311
97329
97345
97352
97360
97378
97386
97394
97402
97410
97428
97436
97451
97469
97477
97485
97493
97501
97519
97527
97535
97543
97568
97576
97584
97592
97600
97618
97626
97634
97642
97659
97675
97683
97691
97808
97816
97824
97832
97840
97857
97865
97873
97881
97899
97915
97923
97931
97949
97956
97964
97972
97980
97998
98004
98012
98020
98038
98046
98053
98061
98079
98087
98103
98111
98129
98137
98145
98152
98160
98178
98186
98194
98202
98210
98236
98244
98251
98269
98277
98285
98293
98301
98319
98327
98343
98350
98368
98376
98384
98392
98400
98418
98426
98434
98459
98467
98475
98483
98491
98509
98517
98525
98533
98541
98566
98574
98582
98590
98608
98616
98624
98632
98640
98657
98673
98681
98699
98707
98715
98723
98731
98749
98756
98764
98780
98798
98806
98814
98822
98830
98848
98855
98863
98871
98889
98897
98913
98921
98939
98947
98954
98962
98970
98988
98996
99101
99119
99127
99135
99143
99150
99168
99176
99184
99192
99200
99218
99234
99242
99259
99267
99275
99283
99291
99309
99317
99325
99341
99358
99366
99374
99382
99390
99408
99416
99424
99432
99457
99465
99473
99481
99499
99507
99515
99523
99531
99549
99564
99572
99580
99598
99606
99614
99622
99630
99648
99655
99671
99689
99697
99705
99713
99721
99739
99747
99754
99762
99788
99796
99804
99812
99820
99838
99846
99853
99861
99879
99887
99895
99911
99929
99937
99945
99952
99960
99978
99986
99994
